building,floor,ne,sw
clarki,1,34.1014379873;-117.710410921,34.1005418118;-117.710964797
clarki,2,34.1014379873;-117.710410921,34.1005418118;-117.710964797
clarkv,1,34.1001053809;-117.711617915,34.0998033206;-117.712503715
clarkv,2,34.1001053809;-117.711617915,34.0998033206;-117.712503715
gibson,1,34.0961196521;-117.712284444,34.0957342847;-117.712634473
harwood,0,34.0964939122;-117.713278873,34.0958542263;-117.714164002
harwood,1,34.0964939122;-117.713278873,34.0958542263;-117.714164002
harwood,2,34.0964939122;-117.713278873,34.0958542263;-117.714164002
harwood,3,34.0964939122;-117.713278873,34.0958542263;-117.714164002
lawry,1,34.1003152682;-117.709848328,34.1000232029;-117.710429027
lawry,2,34.1003152682;-117.709848328,34.1000232029;-117.710429027
lawry,3,34.1003152682;-117.709848328,34.1000232029;-117.710429027
lyon,1,34.0959626679;-117.71331102,34.0957724384;-117.714298152
lyon,2,34.0959626679;-117.71331102,34.0957724384;-117.714298152
muddblaisdell,1,34.096463927;-117.711879431,34.0958664426;-117.713031439
muddblaisdell,2,34.096463927;-117.711879431,34.0958664426;-117.713031439
muddblaisdell,3,34.096463927;-117.711879431,34.0958664426;-117.713031439
nortonclark,1,34.1003052732;-117.710325761,34.0997566788;-117.711457653
nortonclark,2,34.1003052732;-117.710325761,34.0997566788;-117.711457653
nortonclark,3,34.1003052732;-117.710325761,34.0997566788;-117.711457653
oldenborg,1,34.0975167331;-117.711675583,34.0967482303;-117.712480246
oldenborg,2,34.0975167331;-117.711675583,34.0967482303;-117.712480246
oldenborg,3,34.0975167331;-117.711675583,34.0967482303;-117.712480246
smiley,1,34.0994934858;-117.712284444,34.0990337284;-117.712442695
smiley,2,34.0994934858;-117.712284444,34.0990337284;-117.712442695
smiley,3,34.0994934858;-117.712284444,34.0990337284;-117.712442695
walker,1,34.1008072229;-117.71144156,34.1004223943;-117.712530621
walker,2,34.1008072229;-117.71144156,34.1004223943;-117.712530621
wig,0,34.0964306101;-117.714164673,34.0957687124;-117.714735983
wig,1,34.0964306101;-117.714164673,34.0957687124;-117.714735983
wig,2,34.0964306101;-117.714164673,34.0957687124;-117.714735983
bhall,1,34.1004762921;-117.709432585,34.0997855524;-117.710097774
bhall,2,34.1004762921;-117.709432585,34.0997855524;-117.710097774
bhall,3,34.1004762921;-117.709432585,34.0997855524;-117.710097774
sontag,1,34.1012314361;-117.709472818,34.1006806243;-117.710264071
sontag,2,34.1012314361;-117.709472818,34.1006806243;-117.710264071
sontag,3,34.1012314361;-117.709472818,34.1006806243;-117.710264071
cottage239,1,34.0963195538;-117.715090035,34.0962051657;-117.715241579
cottage241,1,34.0965083492;-117.715119539,34.0964028462;-117.715214757
cottage245,1,34.0965094602;-117.715328752,34.0964095092;-117.715505777
muddblaisdell,0,34.096463927;-117.711879431,34.0958664426;-117.713031439
